-1.0,-1.0,-1.0,-1.0,-1.0,-1.0,-1.0,-1.0,-1.0,-1.0,-1.0,-1.0,-1.0,-1.0,-1.0,-1.0,-1.0
-1.0,-1.0,-1.0,-1.0,-1.0,-1.0,-1.0,-1.0,-1.0,-1.0,-1.0,-1.0,-1.0,-1.0,-1.0,-1.0,-1.0
-1.0,-1.0,-1.0,-1.0,-1.0,-1.0,-1.0,-1.0,0.1,167.9,156.6,147.0,139.1,-1.0,-1.0,-1.0,-1.0
-1.0,-1.0,-1.0,-1.0,-1.0,-1.0,-1.0,15.6,0.1,-1.0,-1.0,-1.0,132.1,125.9,-1.0,-1.0,-1.0
-1.0,-1.0,-1.0,-1.0,-1.0,-1.0,37.6,21.1,-1.0,-1.0,-1.0,-1.0,-1.0,117.6,-1.0,-1.0,-1.0
-1.0,-1.0,-1.0,-1.0,-1.0,61.8,51.3,-1.0,-1.0,-1.0,-1.0,-1.0,-1.0,107.9,-1.0,-1.0,-1.0
-1.0,-1.0,-1.0,-1.0,81.3,78.5,-1.0,-1.0,-1.0,-1.0,-1.0,-1.0,98.7,97.0,-1.0,-1.0,-1.0
-1.0,-1.0,-1.0,-1.0,95.5,-1.0,-1.0,-1.0,-1.0,-1.0,-1.0,82.6,84.4,-1.0,-1.0,-1.0,-1.0
-1.0,-1.0,-1.0,105.5,109.1,-1.0,-1.0,-1.0,-1.0,-1.0,55.1,65.1,-1.0,-1.0,-1.0,-1.0,-1.0
-1.0,-1.0,-1.0,115.5,-1.0,-1.0,-1.0,-1.0,-1.0,22.5,39.8,-1.0,-1.0,-1.0,-1.0,-1.0,-1.0
-1.0,-1.0,-1.0,124.1,130.2,-1.0,-1.0,-1.0,179.8,16.3,-1.0,-1.0,-1.0,-1.0,-1.0,-1.0,-1.0
-1.0,-1.0,-1.0,-1.0,137.6,145.6,155.4,167.1,179.9,-1.0,-1.0,-1.0,-1.0,-1.0,-1.0,-1.0,-1.0
-1.0,-1.0,-1.0,-1.0,-1.0,-1.0,-1.0,-1.0,-1.0,-1.0,-1.0,-1.0,-1.0,-1.0,-1.0,-1.0,-1.0
-1.0,-1.0,-1.0,-1.0,-1.0,-1.0,-1.0,-1.0,-1.0,-1.0,-1.0,-1.0,-1.0,-1.0,-1.0,-1.0,-1.0
-1.0,-1.0,-1.0,-1.0,-1.0,-1.0,-1.0,-1.0,-1.0,-1.0,-1.0,-1.0,-1.0,-1.0,-1.0,-1.0,-1.0
-1.0,-1.0,-1.0,-1.0,-1.0,-1.0,-1.0,-1.0,-1.0,-1.0,-1.0,-1.0,-1.0,-1.0,-1.0,-1.0,-1.0
-1.0,-1.0,-1.0,-1.0,-1.0,-1.0,-1.0,-1.0,-1.0,-1.0,-1.0,-1.0,-1.0,-1.0,-1.0,-1.0,-1.0
