-1.0,-1.0,-1.0,-1.0,-1.0,-1.0,-1.0,-1.0,-1.0,-1.0,-1.0,-1.0,-1.0,-1.0,-1.0,-1.0,-1.0
-1.0,-1.0,-1.0,-1.0,-1.0,-1.0,-1.0,-1.0,-1.0,-1.0,-1.0,-1.0,-1.0,-1.0,-1.0,-1.0,-1.0
-1.0,-1.0,-1.0,-1.0,-1.0,-1.0,18.6,7.2,175.3,163.8,153.4,144.7,137.5,-1.0,-1.0,-1.0,-1.0
-1.0,-1.0,-1.0,-1.0,43.6,34.6,-1.0,-1.0,-1.0,-1.0,-1.0,-1.0,130.8,-1.0,-1.0,-1.0,-1.0
-1.0,-1.0,63.6,58.8,-1.0,-1.0,-1.0,-1.0,-1.0,-1.0,-1.0,-1.0,122.4,117.3,-1.0,-1.0,-1.0
-1.0,74.9,72.3,-1.0,-1.0,-1.0,-1.0,-1.0,-1.0,-1.0,-1.0,-1.0,-1.0,108.3,-1.0,-1.0,-1.0
-1.0,83.2,-1.0,-1.0,-1.0,-1.0,-1.0,-1.0,-1.0,-1.0,-1.0,-1.0,-1.0,98.3,-1.0,-1.0,-1.0
-1.0,91.9,-1.0,-1.0,-1.0,-1.0,-1.0,-1.0,-1.0,-1.0,-1.0,-1.0,-1.0,87.7,-1.0,-1.0,-1.0
-1.0,100.4,102.2,-1.0,-1.0,-1.0,-1.0,-1.0,-1.0,-1.0,-1.0,-1.0,-1.0,77.3,-1.0,-1.0,-1.0
-1.0,-1.0,111.5,115.7,-1.0,-1.0,-1.0,-1.0,-1.0,-1.0,-1.0,-1.0,63.2,67.7,-1.0,-1.0,-1.0
-1.0,-1.0,-1.0,-1.0,131.7,141.0,-1.0,-1.0,-1.0,-1.0,-1.0,46.5,53.8,-1.0,-1.0,-1.0,-1.0
-1.0,-1.0,-1.0,-1.0,-1.0,148.3,159.1,171.8,5.3,18.3,29.6,-1.0,-1.0,-1.0,-1.0,-1.0,-1.0
-1.0,-1.0,-1.0,-1.0,-1.0,-1.0,-1.0,-1.0,-1.0,-1.0,-1.0,-1.0,-1.0,-1.0,-1.0,-1.0,-1.0
-1.0,-1.0,-1.0,-1.0,-1.0,-1.0,-1.0,-1.0,-1.0,-1.0,-1.0,-1.0,-1.0,-1.0,-1.0,-1.0,-1.0
-1.0,-1.0,-1.0,-1.0,-1.0,-1.0,-1.0,-1.0,-1.0,-1.0,-1.0,-1.0,-1.0,-1.0,-1.0,-1.0,-1.0
-1.0,-1.0,-1.0,-1.0,-1.0,-1.0,-1.0,-1.0,-1.0,-1.0,-1.0,-1.0,-1.0,-1.0,-1.0,-1.0,-1.0
-1.0,-1.0,-1.0,-1.0,-1.0,-1.0,-1.0,-1.0,-1.0,-1.0,-1.0,-1.0,-1.0,-1.0,-1.0,-1.0,-1.0
