-1.0,-1.0,-1.0,-1.0,-1.0,-1.0,-1.0,-1.0,-1.0,-1.0,-1.0,-1.0,-1.0,-1.0,-1.0,-1.0,-1.0
-1.0,-1.0,-1.0,-1.0,-1.0,-1.0,-1.0,-1.0,1.8,171.8,162.2,153.6,-1.0,-1.0,-1.0,-1.0,-1.0
-1.0,-1.0,-1.0,-1.0,-1.0,-1.0,-1.0,14.1,2.2,-1.0,-1.0,148.9,140.8,-1.0,-1.0,-1.0,-1.0
-1.0,-1.0,-1.0,-1.0,-1.0,40.8,30.6,17.8,-1.0,-1.0,-1.0,-1.0,133.9,-1.0,-1.0,-1.0,-1.0
-1.0,-1.0,-1.0,-1.0,-1.0,49.9,-1.0,-1.0,-1.0,-1.0,-1.0,-1.0,125.0,-1.0,-1.0,-1.0,-1.0
-1.0,-1.0,-1.0,-1.0,68.1,62.2,-1.0,-1.0,-1.0,-1.0,-1.0,-1.0,113.7,-1.0,-1.0,-1.0,-1.0
-1.0,-1.0,-1.0,-1.0,80.8,-1.0,-1.0,-1.0,-1.0,-1.0,-1.0,103.5,-1.0,-1.0,-1.0,-1.0,-1.0
-1.0,-1.0,-1.0,93.6,-1.0,-1.0,-1.0,-1.0,-1.0,-1.0,80.0,83.5,-1.0,-1.0,-1.0,-1.0,-1.0
-1.0,-1.0,-1.0,104.3,-1.0,-1.0,-1.0,-1.0,-1.0,31.9,54.0,-1.0,-1.0,-1.0,-1.0,-1.0,-1.0
-1.0,-1.0,-1.0,114.1,-1.0,-1.0,-1.0,-1.0,175.6,19.5,-1.0,-1.0,-1.0,-1.0,-1.0,-1.0,-1.0
-1.0,-1.0,-1.0,122.7,128.5,-1.0,146.7,160.5,176.9,-1.0,-1.0,-1.0,-1.0,-1.0,-1.0,-1.0,-1.0
-1.0,-1.0,-1.0,-1.0,136.0,143.7,153.2,-1.0,-1.0,-1.0,-1.0,-1.0,-1.0,-1.0,-1.0,-1.0,-1.0
-1.0,-1.0,-1.0,-1.0,-1.0,-1.0,-1.0,-1.0,-1.0,-1.0,-1.0,-1.0,-1.0,-1.0,-1.0,-1.0,-1.0
-1.0,-1.0,-1.0,-1.0,-1.0,-1.0,-1.0,-1.0,-1.0,-1.0,-1.0,-1.0,-1.0,-1.0,-1.0,-1.0,-1.0
-1.0,-1.0,-1.0,-1.0,-1.0,-1.0,-1.0,-1.0,-1.0,-1.0,-1.0,-1.0,-1.0,-1.0,-1.0,-1.0,-1.0
-1.0,-1.0,-1.0,-1.0,-1.0,-1.0,-1.0,-1.0,-1.0,-1.0,-1.0,-1.0,-1.0,-1.0,-1.0,-1.0,-1.0
-1.0,-1.0,-1.0,-1.0,-1.0,-1.0,-1.0,-1.0,-1.0,-1.0,-1.0,-1.0,-1.0,-1.0,-1.0,-1.0,-1.0
