-1.0,-1.0,-1.0,-1.0,-1.0,-1.0,-1.0,-1.0,-1.0,-1.0,-1.0,-1.0,-1.0,-1.0,-1.0,-1.0,-1.0
-1.0,-1.0,-1.0,-1.0,-1.0,-1.0,-1.0,-1.0,-1.0,-1.0,-1.0,-1.0,-1.0,-1.0,-1.0,-1.0,-1.0
-1.0,-1.0,-1.0,-1.0,-1.0,-1.0,-1.0,-1.0,-1.0,-1.0,-1.0,-1.0,-1.0,-1.0,-1.0,-1.0,-1.0
-1.0,-1.0,-1.0,-1.0,-1.0,-1.0,17.5,9.0,0.1,-1.0,-1.0,-1.0,-1.0,-1.0,-1.0,-1.0,-1.0
-1.0,-1.0,-1.0,-1.0,36.7,29.3,20.5,-1.0,0.1,169.5,159.7,150.9,-1.0,-1.0,-1.0,-1.0,-1.0
-1.0,-1.0,54.0,48.9,42.5,-1.0,-1.0,-1.0,-1.0,-1.0,-1.0,-1.0,137.6,131.2,-1.0,-1.0,-1.0
-1.0,-1.0,60.7,-1.0,-1.0,-1.0,-1.0,-1.0,-1.0,-1.0,-1.0,-1.0,-1.0,124.0,-1.0,-1.0,-1.0
-1.0,-1.0,68.5,-1.0,-1.0,-1.0,-1.0,-1.0,-1.0,-1.0,-1.0,-1.0,-1.0,115.4,111.6,-1.0,-1.0
-1.0,-1.0,77.2,-1.0,-1.0,-1.0,-1.0,-1.0,-1.0,-1.0,-1.0,-1.0,-1.0,-1.0,102.9,-1.0,-1.0
-1.0,-1.0,86.5,-1.0,-1.0,-1.0,-1.0,-1.0,-1.0,-1.0,-1.0,-1.0,-1.0,-1.0,93.5,-1.0,-1.0
-1.0,-1.0,96.0,-1.0,-1.0,-1.0,-1.0,-1.0,-1.0,-1.0,-1.0,-1.0,-1.0,-1.0,84.0,-1.0,-1.0
-1.0,-1.0,105.2,108.0,-1.0,-1.0,-1.0,-1.0,-1.0,-1.0,-1.0,-1.0,-1.0,71.9,74.8,-1.0,-1.0
-1.0,-1.0,-1.0,117.7,123.3,-1.0,-1.0,-1.0,-1.0,-1.0,-1.0,-1.0,56.6,62.2,-1.0,-1.0,-1.0
-1.0,-1.0,-1.0,-1.0,132.2,140.4,-1.0,-1.0,-1.0,-1.0,-1.0,-1.0,47.7,-1.0,-1.0,-1.0,-1.0
-1.0,-1.0,-1.0,-1.0,-1.0,147.0,156.5,167.7,179.9,12.1,23.3,32.9,-1.0,-1.0,-1.0,-1.0,-1.0
-1.0,-1.0,-1.0,-1.0,-1.0,-1.0,-1.0,-1.0,-1.0,-1.0,-1.0,-1.0,-1.0,-1.0,-1.0,-1.0,-1.0
-1.0,-1.0,-1.0,-1.0,-1.0,-1.0,-1.0,-1.0,-1.0,-1.0,-1.0,-1.0,-1.0,-1.0,-1.0,-1.0,-1.0
