-1.0,-1.0,-1.0,-1.0,-1.0,-1.0,-1.0,-1.0,-1.0,-1.0,-1.0,-1.0,-1.0,-1.0,-1.0,-1.0,-1.0
-1.0,-1.0,-1.0,-1.0,-1.0,-1.0,-1.0,-1.0,-1.0,-1.0,-1.0,-1.0,-1.0,-1.0,-1.0,-1.0,-1.0
-1.0,-1.0,-1.0,-1.0,-1.0,-1.0,-1.0,-1.0,-1.0,-1.0,-1.0,-1.0,-1.0,-1.0,-1.0,-1.0,-1.0
-1.0,-1.0,-1.0,-1.0,-1.0,43.4,36.6,28.3,18.5,7.4,175.7,-1.0,-1.0,-1.0,-1.0,-1.0,-1.0
-1.0,-1.0,-1.0,-1.0,55.3,-1.0,-1.0,-1.0,-1.0,-1.0,-1.0,160.7,-1.0,-1.0,-1.0,-1.0,-1.0
-1.0,-1.0,-1.0,-1.0,62.8,-1.0,-1.0,-1.0,-1.0,-1.0,-1.0,-1.0,140.7,-1.0,-1.0,-1.0,-1.0
-1.0,-1.0,-1.0,-1.0,71.4,-1.0,-1.0,-1.0,-1.0,-1.0,-1.0,-1.0,-1.0,119.4,-1.0,-1.0,-1.0
-1.0,-1.0,-1.0,-1.0,81.0,-1.0,-1.0,-1.0,-1.0,-1.0,-1.0,-1.0,-1.0,104.9,-1.0,-1.0,-1.0
-1.0,-1.0,-1.0,-1.0,91.1,91.3,-1.0,-1.0,-1.0,-1.0,-1.0,-1.0,-1.0,88.2,-1.0,-1.0,-1.0
-1.0,-1.0,-1.0,-1.0,-1.0,103.4,-1.0,-1.0,-1.0,-1.0,-1.0,-1.0,-1.0,71.8,-1.0,-1.0,-1.0
-1.0,-1.0,-1.0,-1.0,-1.0,114.4,120.1,-1.0,-1.0,-1.0,-1.0,-1.0,-1.0,58.0,-1.0,-1.0,-1.0
-1.0,-1.0,-1.0,-1.0,-1.0,-1.0,130.5,-1.0,-1.0,-1.0,-1.0,-1.0,-1.0,47.3,-1.0,-1.0,-1.0
-1.0,-1.0,-1.0,-1.0,-1.0,-1.0,138.5,147.3,-1.0,-1.0,-1.0,-1.0,-1.0,39.4,-1.0,-1.0,-1.0
-1.0,-1.0,-1.0,-1.0,-1.0,-1.0,-1.0,152.7,162.3,-1.0,-1.0,-1.0,24.9,33.4,-1.0,-1.0,-1.0
-1.0,-1.0,-1.0,-1.0,-1.0,-1.0,-1.0,-1.0,165.0,174.1,3.4,12.6,21.2,-1.0,-1.0,-1.0,-1.0
-1.0,-1.0,-1.0,-1.0,-1.0,-1.0,-1.0,-1.0,-1.0,-1.0,-1.0,-1.0,-1.0,-1.0,-1.0,-1.0,-1.0
-1.0,-1.0,-1.0,-1.0,-1.0,-1.0,-1.0,-1.0,-1.0,-1.0,-1.0,-1.0,-1.0,-1.0,-1.0,-1.0,-1.0
