-1.0,-1.0,-1.0,-1.0,-1.0,-1.0,-1.0,-1.0,-1.0,-1.0,-1.0,-1.0,-1.0,-1.0,-1.0,-1.0,-1.0
-1.0,-1.0,-1.0,-1.0,-1.0,-1.0,-1.0,-1.0,-1.0,-1.0,-1.0,-1.0,-1.0,-1.0,-1.0,-1.0,-1.0
-1.0,-1.0,-1.0,-1.0,-1.0,-1.0,-1.0,-1.0,-1.0,-1.0,-1.0,-1.0,-1.0,-1.0,-1.0,-1.0,-1.0
-1.0,-1.0,-1.0,-1.0,-1.0,28.0,19.9,11.0,1.5,172.0,-1.0,-1.0,-1.0,-1.0,-1.0,-1.0,-1.0
-1.0,-1.0,-1.0,46.2,40.0,32.5,-1.0,-1.0,-1.0,170.4,159.6,150.2,-1.0,-1.0,-1.0,-1.0,-1.0
-1.0,-1.0,57.3,52.5,-1.0,-1.0,-1.0,-1.0,-1.0,-1.0,-1.0,144.3,135.8,-1.0,-1.0,-1.0,-1.0
-1.0,-1.0,64.4,-1.0,-1.0,-1.0,-1.0,-1.0,-1.0,-1.0,-1.0,-1.0,127.6,121.4,-1.0,-1.0,-1.0
-1.0,-1.0,72.4,-1.0,-1.0,-1.0,-1.0,-1.0,-1.0,-1.0,-1.0,-1.0,-1.0,112.0,-1.0,-1.0,-1.0
-1.0,-1.0,81.2,-1.0,-1.0,-1.0,-1.0,-1.0,-1.0,-1.0,-1.0,-1.0,-1.0,101.1,99.3,-1.0,-1.0
-1.0,-1.0,90.4,-1.0,-1.0,-1.0,-1.0,-1.0,-1.0,-1.0,-1.0,-1.0,-1.0,-1.0,89.5,-1.0,-1.0
-1.0,-1.0,99.6,-1.0,-1.0,-1.0,-1.0,-1.0,-1.0,-1.0,-1.0,-1.0,-1.0,77.8,79.8,-1.0,-1.0
-1.0,-1.0,108.4,111.6,116.2,-1.0,-1.0,-1.0,-1.0,-1.0,-1.0,-1.0,61.9,67.1,-1.0,-1.0,-1.0
-1.0,-1.0,-1.0,-1.0,126.2,134.0,-1.0,-1.0,-1.0,-1.0,-1.0,-1.0,51.6,-1.0,-1.0,-1.0,-1.0
-1.0,-1.0,-1.0,-1.0,-1.0,142.0,151.9,-1.0,-1.0,-1.0,-1.0,35.1,43.5,-1.0,-1.0,-1.0,-1.0
-1.0,-1.0,-1.0,-1.0,-1.0,-1.0,156.8,167.1,178.2,9.5,20.0,29.4,-1.0,-1.0,-1.0,-1.0,-1.0
-1.0,-1.0,-1.0,-1.0,-1.0,-1.0,-1.0,-1.0,-1.0,-1.0,-1.0,-1.0,-1.0,-1.0,-1.0,-1.0,-1.0
-1.0,-1.0,-1.0,-1.0,-1.0,-1.0,-1.0,-1.0,-1.0,-1.0,-1.0,-1.0,-1.0,-1.0,-1.0,-1.0,-1.0
