-1.0,-1.0,-1.0,-1.0,-1.0,-1.0,-1.0,-1.0,-1.0,-1.0,-1.0,-1.0,-1.0,-1.0,-1.0,-1.0,-1.0
-1.0,-1.0,-1.0,-1.0,-1.0,29.9,21.4,11.7,1.3,170.8,-1.0,-1.0,-1.0,-1.0,-1.0,-1.0,-1.0
-1.0,-1.0,-1.0,-1.0,43.0,35.2,-1.0,-1.0,-1.0,-1.0,157.0,146.9,138.8,-1.0,-1.0,-1.0,-1.0
-1.0,-1.0,-1.0,56.3,50.3,-1.0,-1.0,-1.0,-1.0,-1.0,-1.0,-1.0,131.4,125.1,-1.0,-1.0,-1.0
-1.0,-1.0,-1.0,64.7,-1.0,-1.0,-1.0,-1.0,-1.0,-1.0,-1.0,-1.0,-1.0,-1.0,112.4,-1.0,-1.0
-1.0,-1.0,76.9,-1.0,-1.0,-1.0,-1.0,-1.0,-1.0,-1.0,-1.0,-1.0,-1.0,-1.0,103.6,101.7,-1.0
-1.0,-1.0,86.1,-1.0,-1.0,-1.0,-1.0,-1.0,-1.0,-1.0,-1.0,-1.0,-1.0,-1.0,-1.0,93.5,-1.0
-1.0,-1.0,95.4,-1.0,-1.0,-1.0,-1.0,-1.0,-1.0,-1.0,-1.0,-1.0,-1.0,-1.0,-1.0,85.2,-1.0
-1.0,-1.0,104.5,107.1,-1.0,-1.0,-1.0,-1.0,-1.0,-1.0,-1.0,-1.0,-1.0,-1.0,75.0,77.1,-1.0
-1.0,-1.0,-1.0,116.7,122.0,-1.0,-1.0,-1.0,-1.0,-1.0,-1.0,-1.0,-1.0,-1.0,66.3,-1.0,-1.0
-1.0,-1.0,-1.0,-1.0,131.0,138.9,149.3,-1.0,-1.0,-1.0,-1.0,-1.0,-1.0,53.7,58.7,-1.0,-1.0
-1.0,-1.0,-1.0,-1.0,-1.0,-1.0,155.1,166.2,178.5,10.9,22.3,32.2,40.3,46.8,-1.0,-1.0,-1.0
-1.0,-1.0,-1.0,-1.0,-1.0,-1.0,-1.0,-1.0,-1.0,-1.0,-1.0,-1.0,-1.0,-1.0,-1.0,-1.0,-1.0
-1.0,-1.0,-1.0,-1.0,-1.0,-1.0,-1.0,-1.0,-1.0,-1.0,-1.0,-1.0,-1.0,-1.0,-1.0,-1.0,-1.0
-1.0,-1.0,-1.0,-1.0,-1.0,-1.0,-1.0,-1.0,-1.0,-1.0,-1.0,-1.0,-1.0,-1.0,-1.0,-1.0,-1.0
-1.0,-1.0,-1.0,-1.0,-1.0,-1.0,-1.0,-1.0,-1.0,-1.0,-1.0,-1.0,-1.0,-1.0,-1.0,-1.0,-1.0
-1.0,-1.0,-1.0,-1.0,-1.0,-1.0,-1.0,-1.0,-1.0,-1.0,-1.0,-1.0,-1.0,-1.0,-1.0,-1.0,-1.0
