-1.0,-1.0,-1.0,-1.0,-1.0,-1.0,-1.0,-1.0,-1.0,-1.0,-1.0,-1.0,-1.0,-1.0,-1.0,-1.0,-1.0
-1.0,-1.0,-1.0,-1.0,-1.0,-1.0,-1.0,-1.0,-1.0,-1.0,-1.0,-1.0,-1.0,-1.0,-1.0,-1.0,-1.0
-1.0,-1.0,-1.0,-1.0,-1.0,-1.0,-1.0,-1.0,-1.0,-1.0,-1.0,-1.0,-1.0,-1.0,-1.0,-1.0,-1.0
-1.0,-1.0,-1.0,-1.0,-1.0,-1.0,32.0,24.2,15.5,5.9,176.0,166.3,-1.0,-1.0,-1.0,-1.0,-1.0
-1.0,-1.0,-1.0,-1.0,-1.0,44.0,37.0,-1.0,-1.0,-1.0,-1.0,163.6,153.2,144.5,-1.0,-1.0,-1.0
-1.0,-1.0,-1.0,-1.0,56.1,50.7,-1.0,-1.0,-1.0,-1.0,-1.0,-1.0,-1.0,137.9,130.5,-1.0,-1.0
-1.0,-1.0,-1.0,67.3,63.7,-1.0,-1.0,-1.0,-1.0,-1.0,-1.0,-1.0,-1.0,-1.0,122.1,-1.0,-1.0
-1.0,-1.0,-1.0,75.0,-1.0,-1.0,-1.0,-1.0,-1.0,-1.0,-1.0,-1.0,-1.0,-1.0,111.8,108.1,-1.0
-1.0,-1.0,-1.0,83.4,-1.0,-1.0,-1.0,-1.0,-1.0,-1.0,-1.0,-1.0,-1.0,-1.0,-1.0,98.1,-1.0
-1.0,-1.0,-1.0,92.0,-1.0,-1.0,-1.0,-1.0,-1.0,-1.0,-1.0,-1.0,-1.0,-1.0,-1.0,87.5,-1.0
-1.0,-1.0,-1.0,100.6,102.5,-1.0,-1.0,-1.0,-1.0,-1.0,-1.0,-1.0,-1.0,-1.0,-1.0,77.1,-1.0
-1.0,-1.0,-1.0,-1.0,111.8,-1.0,-1.0,-1.0,-1.0,-1.0,-1.0,-1.0,-1.0,-1.0,-1.0,67.5,-1.0
-1.0,-1.0,-1.0,-1.0,120.0,125.1,-1.0,-1.0,-1.0,-1.0,-1.0,-1.0,-1.0,-1.0,53.7,-1.0,-1.0
-1.0,-1.0,-1.0,-1.0,-1.0,132.7,139.7,148.5,-1.0,-1.0,-1.0,-1.0,29.6,38.8,-1.0,-1.0,-1.0
-1.0,-1.0,-1.0,-1.0,-1.0,-1.0,-1.0,153.6,163.1,173.5,4.4,15.0,-1.0,-1.0,-1.0,-1.0,-1.0
-1.0,-1.0,-1.0,-1.0,-1.0,-1.0,-1.0,-1.0,-1.0,-1.0,-1.0,-1.0,-1.0,-1.0,-1.0,-1.0,-1.0
-1.0,-1.0,-1.0,-1.0,-1.0,-1.0,-1.0,-1.0,-1.0,-1.0,-1.0,-1.0,-1.0,-1.0,-1.0,-1.0,-1.0
