-1.0,-1.0,-1.0,-1.0,-1.0,-1.0,-1.0,-1.0,-1.0,-1.0,-1.0
-1.0,-1.0,-1.0,-1.0,-1.0,-1.0,-1.0,-1.0,-1.0,-1.0,-1.0
-1.0,-1.0,-1.0,-1.0,37.7,29.2,7.7,-1.0,-1.0,-1.0,-1.0
-1.0,-1.0,-1.0,-1.0,-1.0,-1.0,-1.0,-1.0,-1.0,-1.0,-1.0
-1.0,-1.0,-1.0,73.1,-1.0,-1.0,-1.0,-1.0,-1.0,-1.0,-1.0
-1.0,-1.0,-1.0,82.8,-1.0,-1.0,-1.0,-1.0,-1.0,-1.0,-1.0
-1.0,-1.0,-1.0,102.9,-1.0,-1.0,-1.0,-1.0,-1.0,-1.0,-1.0
-1.0,-1.0,-1.0,-1.0,-1.0,-1.0,-1.0,-1.0,-1.0,-1.0,-1.0
-1.0,-1.0,-1.0,-1.0,-1.0,148.5,-1.0,-1.0,-1.0,-1.0,-1.0
-1.0,-1.0,-1.0,-1.0,-1.0,-1.0,-1.0,-1.0,-1.0,-1.0,-1.0
-1.0,-1.0,-1.0,-1.0,-1.0,-1.0,-1.0,-1.0,-1.0,-1.0,-1.0
