-1.0,-1.0,-1.0,-1.0,-1.0,-1.0,-1.0,-1.0,-1.0,-1.0,-1.0,-1.0,-1.0,-1.0,-1.0,-1.0,-1.0
-1.0,-1.0,-1.0,-1.0,-1.0,-1.0,-1.0,-1.0,-1.0,-1.0,-1.0,-1.0,-1.0,-1.0,-1.0,-1.0,-1.0
-1.0,-1.0,-1.0,-1.0,-1.0,-1.0,-1.0,-1.0,-1.0,-1.0,-1.0,-1.0,-1.0,-1.0,-1.0,-1.0,-1.0
-1.0,-1.0,-1.0,-1.0,-1.0,-1.0,-1.0,26.1,17.5,8.1,178.2,168.5,-1.0,-1.0,-1.0,-1.0,-1.0
-1.0,-1.0,-1.0,-1.0,-1.0,-1.0,38.7,30.6,-1.0,-1.0,-1.0,166.1,155.4,146.3,-1.0,-1.0,-1.0
-1.0,-1.0,-1.0,-1.0,-1.0,52.0,-1.0,-1.0,-1.0,-1.0,-1.0,-1.0,-1.0,-1.0,132.0,-1.0,-1.0
-1.0,-1.0,-1.0,-1.0,64.6,60.2,-1.0,-1.0,-1.0,-1.0,-1.0,-1.0,-1.0,-1.0,-1.0,118.1,-1.0
-1.0,-1.0,-1.0,-1.0,73.1,-1.0,-1.0,-1.0,-1.0,-1.0,-1.0,-1.0,-1.0,-1.0,-1.0,108.8,-1.0
-1.0,-1.0,-1.0,-1.0,82.5,-1.0,-1.0,-1.0,-1.0,-1.0,-1.0,-1.0,-1.0,-1.0,-1.0,98.4,-1.0
-1.0,-1.0,-1.0,-1.0,92.3,-1.0,-1.0,-1.0,-1.0,-1.0,-1.0,-1.0,-1.0,-1.0,-1.0,87.4,-1.0
-1.0,-1.0,-1.0,-1.0,102.0,104.4,-1.0,-1.0,-1.0,-1.0,-1.0,-1.0,-1.0,-1.0,-1.0,76.6,-1.0
-1.0,-1.0,-1.0,-1.0,-1.0,114.9,120.3,-1.0,-1.0,-1.0,-1.0,-1.0,-1.0,-1.0,-1.0,66.6,-1.0
-1.0,-1.0,-1.0,-1.0,-1.0,-1.0,130.2,-1.0,-1.0,-1.0,-1.0,-1.0,-1.0,-1.0,-1.0,58.0,-1.0
-1.0,-1.0,-1.0,-1.0,-1.0,-1.0,-1.0,146.3,156.7,-1.0,-1.0,-1.0,-1.0,-1.0,44.6,-1.0,-1.0
-1.0,-1.0,-1.0,-1.0,-1.0,-1.0,-1.0,-1.0,160.8,171.1,1.9,12.7,22.6,31.3,-1.0,-1.0,-1.0
-1.0,-1.0,-1.0,-1.0,-1.0,-1.0,-1.0,-1.0,-1.0,-1.0,-1.0,-1.0,-1.0,-1.0,-1.0,-1.0,-1.0
-1.0,-1.0,-1.0,-1.0,-1.0,-1.0,-1.0,-1.0,-1.0,-1.0,-1.0,-1.0,-1.0,-1.0,-1.0,-1.0,-1.0
