-1.0,-1.0,-1.0,-1.0,-1.0,-1.0,-1.0,-1.0,-1.0,-1.0,-1.0,-1.0,-1.0,-1.0,-1.0,-1.0,-1.0
-1.0,-1.0,-1.0,-1.0,-1.0,-1.0,-1.0,-1.0,-1.0,-1.0,-1.0,-1.0,-1.0,-1.0,-1.0,-1.0,-1.0
-1.0,-1.0,-1.0,-1.0,42.2,34.6,25.3,14.3,2.2,169.9,158.4,148.5,-1.0,-1.0,-1.0,-1.0,-1.0
-1.0,-1.0,-1.0,55.1,-1.0,-1.0,-1.0,-1.0,-1.0,-1.0,-1.0,142.0,133.3,-1.0,-1.0,-1.0,-1.0
-1.0,-1.0,67.1,-1.0,-1.0,-1.0,-1.0,-1.0,-1.0,-1.0,-1.0,-1.0,124.3,118.4,-1.0,-1.0,-1.0
-1.0,77.4,-1.0,-1.0,-1.0,-1.0,-1.0,-1.0,-1.0,-1.0,-1.0,-1.0,-1.0,108.4,-1.0,-1.0,-1.0
-1.0,85.2,-1.0,-1.0,-1.0,-1.0,-1.0,-1.0,-1.0,-1.0,-1.0,-1.0,-1.0,97.2,96.0,-1.0,-1.0
-1.0,93.1,93.6,-1.0,-1.0,-1.0,-1.0,-1.0,-1.0,-1.0,-1.0,-1.0,-1.0,-1.0,86.1,-1.0,-1.0
-1.0,-1.0,102.7,-1.0,-1.0,-1.0,-1.0,-1.0,-1.0,-1.0,-1.0,-1.0,-1.0,-1.0,76.5,-1.0,-1.0
-1.0,-1.0,111.2,114.8,-1.0,-1.0,-1.0,-1.0,-1.0,-1.0,-1.0,-1.0,-1.0,-1.0,67.7,-1.0,-1.0
-1.0,-1.0,-1.0,123.2,129.1,-1.0,-1.0,-1.0,-1.0,-1.0,-1.0,-1.0,-1.0,54.9,59.8,-1.0,-1.0
-1.0,-1.0,-1.0,-1.0,136.4,144.1,-1.0,-1.0,-1.0,-1.0,-1.0,-1.0,41.0,47.7,-1.0,-1.0,-1.0
-1.0,-1.0,-1.0,-1.0,-1.0,149.5,158.0,167.7,178.1,8.7,18.7,27.6,35.3,-1.0,-1.0,-1.0,-1.0
-1.0,-1.0,-1.0,-1.0,-1.0,-1.0,-1.0,-1.0,-1.0,-1.0,-1.0,-1.0,-1.0,-1.0,-1.0,-1.0,-1.0
-1.0,-1.0,-1.0,-1.0,-1.0,-1.0,-1.0,-1.0,-1.0,-1.0,-1.0,-1.0,-1.0,-1.0,-1.0,-1.0,-1.0
-1.0,-1.0,-1.0,-1.0,-1.0,-1.0,-1.0,-1.0,-1.0,-1.0,-1.0,-1.0,-1.0,-1.0,-1.0,-1.0,-1.0
-1.0,-1.0,-1.0,-1.0,-1.0,-1.0,-1.0,-1.0,-1.0,-1.0,-1.0,-1.0,-1.0,-1.0,-1.0,-1.0,-1.0
