-1.0,-1.0,-1.0,-1.0,-1.0,-1.0,-1.0,-1.0,-1.0,-1.0,-1.0,-1.0,-1.0,-1.0,-1.0,-1.0,-1.0
-1.0,-1.0,-1.0,-1.0,-1.0,-1.0,-1.0,-1.0,-1.0,-1.0,-1.0,-1.0,-1.0,-1.0,-1.0,-1.0,-1.0
-1.0,-1.0,-1.0,-1.0,-1.0,-1.0,-1.0,-1.0,-1.0,-1.0,-1.0,-1.0,-1.0,-1.0,-1.0,-1.0,-1.0
-1.0,-1.0,-1.0,-1.0,-1.0,-1.0,-1.0,-1.0,-1.0,-1.0,-1.0,-1.0,-1.0,-1.0,-1.0,-1.0,-1.0
-1.0,-1.0,-1.0,-1.0,-1.0,-1.0,25.0,16.1,6.3,176.0,166.1,156.9,-1.0,-1.0,-1.0,-1.0,-1.0
-1.0,-1.0,-1.0,-1.0,45.1,38.2,29.6,19.3,7.6,-1.0,-1.0,152.6,143.6,136.3,130.5,-1.0,-1.0
-1.0,-1.0,-1.0,57.4,52.1,-1.0,-1.0,-1.0,-1.0,-1.0,-1.0,-1.0,-1.0,-1.0,123.7,-1.0,-1.0
-1.0,-1.0,-1.0,65.2,60.6,-1.0,-1.0,-1.0,-1.0,-1.0,-1.0,-1.0,-1.0,-1.0,115.7,-1.0,-1.0
-1.0,-1.0,-1.0,74.1,70.9,-1.0,-1.0,-1.0,-1.0,-1.0,-1.0,-1.0,-1.0,-1.0,106.5,104.0,-1.0
-1.0,-1.0,84.9,83.9,-1.0,-1.0,-1.0,-1.0,-1.0,-1.0,-1.0,-1.0,-1.0,-1.0,96.3,95.3,-1.0
-1.0,-1.0,93.5,94.1,-1.0,-1.0,-1.0,-1.0,-1.0,-1.0,-1.0,-1.0,-1.0,-1.0,85.7,-1.0,-1.0
-1.0,-1.0,-1.0,104.0,-1.0,-1.0,-1.0,-1.0,-1.0,-1.0,-1.0,-1.0,-1.0,72.2,75.4,-1.0,-1.0
-1.0,-1.0,-1.0,113.2,-1.0,-1.0,-1.0,-1.0,-1.0,-1.0,-1.0,-1.0,-1.0,61.3,-1.0,-1.0,-1.0
-1.0,-1.0,-1.0,121.2,126.4,-1.0,-1.0,-1.0,-1.0,-1.0,-1.0,35.0,44.9,52.2,-1.0,-1.0,-1.0
-1.0,-1.0,-1.0,-1.0,133.7,140.6,149.3,-1.0,172.1,5.0,17.5,28.5,-1.0,-1.0,-1.0,-1.0,-1.0
-1.0,-1.0,-1.0,-1.0,-1.0,-1.0,154.2,163.4,173.5,-1.0,14.4,-1.0,-1.0,-1.0,-1.0,-1.0,-1.0
-1.0,-1.0,-1.0,-1.0,-1.0,-1.0,-1.0,-1.0,-1.0,-1.0,-1.0,-1.0,-1.0,-1.0,-1.0,-1.0,-1.0
