-1.0,-1.0,-1.0,-1.0,-1.0,-1.0,-1.0,-1.0,-1.0,-1.0,-1.0,-1.0,-1.0,-1.0,-1.0,-1.0,-1.0
-1.0,-1.0,-1.0,-1.0,-1.0,-1.0,-1.0,-1.0,-1.0,-1.0,-1.0,-1.0,-1.0,-1.0,-1.0,-1.0,-1.0
-1.0,-1.0,-1.0,-1.0,-1.0,-1.0,-1.0,-1.0,-1.0,-1.0,-1.0,-1.0,-1.0,-1.0,-1.0,-1.0,-1.0
-1.0,-1.0,-1.0,-1.0,-1.0,-1.0,-1.0,-1.0,-1.0,-1.0,-1.0,-1.0,-1.0,-1.0,-1.0,-1.0,-1.0
-1.0,-1.0,-1.0,-1.0,-1.0,-1.0,28.5,19.3,8.9,177.9,167.0,157.0,-1.0,-1.0,-1.0,-1.0,-1.0
-1.0,-1.0,-1.0,-1.0,-1.0,42.5,34.0,-1.0,-1.0,-1.0,-1.0,-1.0,142.5,-1.0,-1.0,-1.0,-1.0
-1.0,-1.0,-1.0,-1.0,56.7,50.3,-1.0,-1.0,-1.0,-1.0,-1.0,-1.0,-1.0,127.0,-1.0,-1.0,-1.0
-1.0,-1.0,-1.0,69.6,65.8,-1.0,-1.0,-1.0,-1.0,-1.0,-1.0,-1.0,-1.0,117.3,112.6,-1.0,-1.0
-1.0,-1.0,-1.0,78.7,-1.0,-1.0,-1.0,-1.0,-1.0,-1.0,-1.0,-1.0,-1.0,-1.0,102.6,-1.0,-1.0
-1.0,-1.0,-1.0,88.4,-1.0,-1.0,-1.0,-1.0,-1.0,-1.0,-1.0,-1.0,-1.0,-1.0,91.8,-1.0,-1.0
-1.0,-1.0,-1.0,98.2,-1.0,-1.0,-1.0,-1.0,-1.0,-1.0,-1.0,-1.0,-1.0,-1.0,80.8,-1.0,-1.0
-1.0,-1.0,-1.0,107.6,110.9,-1.0,-1.0,-1.0,-1.0,-1.0,-1.0,-1.0,-1.0,-1.0,70.5,-1.0,-1.0
-1.0,-1.0,-1.0,-1.0,120.6,126.7,-1.0,-1.0,-1.0,-1.0,-1.0,-1.0,-1.0,55.9,61.3,-1.0,-1.0
-1.0,-1.0,-1.0,-1.0,-1.0,135.2,143.8,-1.0,-1.0,-1.0,-1.0,-1.0,39.8,47.5,-1.0,-1.0,-1.0
-1.0,-1.0,-1.0,-1.0,-1.0,-1.0,149.9,159.5,170.5,2.3,13.9,24.4,33.4,-1.0,-1.0,-1.0,-1.0
-1.0,-1.0,-1.0,-1.0,-1.0,-1.0,-1.0,-1.0,-1.0,-1.0,-1.0,-1.0,-1.0,-1.0,-1.0,-1.0,-1.0
-1.0,-1.0,-1.0,-1.0,-1.0,-1.0,-1.0,-1.0,-1.0,-1.0,-1.0,-1.0,-1.0,-1.0,-1.0,-1.0,-1.0
