-1.0,-1.0,-1.0,-1.0,-1.0,-1.0,-1.0,-1.0,-1.0,-1.0,-1.0,-1.0,-1.0,-1.0,-1.0,-1.0,-1.0
-1.0,-1.0,-1.0,-1.0,-1.0,-1.0,-1.0,177.7,166.4,156.1,147.2,-1.0,-1.0,-1.0,-1.0,-1.0,-1.0
-1.0,-1.0,-1.0,-1.0,-1.0,24.4,11.4,177.1,-1.0,-1.0,141.1,133.4,-1.0,-1.0,-1.0,-1.0,-1.0
-1.0,-1.0,-1.0,52.0,43.3,-1.0,-1.0,-1.0,-1.0,-1.0,-1.0,125.3,119.7,-1.0,-1.0,-1.0,-1.0
-1.0,-1.0,-1.0,62.6,-1.0,-1.0,-1.0,-1.0,-1.0,-1.0,-1.0,115.1,110.7,-1.0,-1.0,-1.0,-1.0
-1.0,-1.0,78.6,75.7,-1.0,-1.0,-1.0,-1.0,-1.0,-1.0,-1.0,103.0,100.6,-1.0,-1.0,-1.0,-1.0
-1.0,-1.0,90.4,90.5,-1.0,-1.0,-1.0,-1.0,-1.0,-1.0,-1.0,89.6,89.7,-1.0,-1.0,-1.0,-1.0
-1.0,-1.0,102.1,105.2,-1.0,-1.0,-1.0,-1.0,-1.0,-1.0,-1.0,76.2,78.8,-1.0,-1.0,-1.0,-1.0
-1.0,-1.0,112.9,118.1,-1.0,-1.0,-1.0,-1.0,-1.0,-1.0,57.6,64.2,-1.0,-1.0,-1.0,-1.0,-1.0
-1.0,-1.0,122.3,128.6,-1.0,-1.0,-1.0,-1.0,21.6,36.0,46.6,-1.0,-1.0,-1.0,-1.0,-1.0,-1.0
-1.0,-1.0,-1.0,136.7,145.2,155.9,168.8,2.8,16.6,28.6,-1.0,-1.0,-1.0,-1.0,-1.0,-1.0,-1.0
-1.0,-1.0,-1.0,-1.0,150.9,160.3,171.0,2.3,13.4,-1.0,-1.0,-1.0,-1.0,-1.0,-1.0,-1.0,-1.0
-1.0,-1.0,-1.0,-1.0,-1.0,-1.0,-1.0,-1.0,-1.0,-1.0,-1.0,-1.0,-1.0,-1.0,-1.0,-1.0,-1.0
-1.0,-1.0,-1.0,-1.0,-1.0,-1.0,-1.0,-1.0,-1.0,-1.0,-1.0,-1.0,-1.0,-1.0,-1.0,-1.0,-1.0
-1.0,-1.0,-1.0,-1.0,-1.0,-1.0,-1.0,-1.0,-1.0,-1.0,-1.0,-1.0,-1.0,-1.0,-1.0,-1.0,-1.0
-1.0,-1.0,-1.0,-1.0,-1.0,-1.0,-1.0,-1.0,-1.0,-1.0,-1.0,-1.0,-1.0,-1.0,-1.0,-1.0,-1.0
-1.0,-1.0,-1.0,-1.0,-1.0,-1.0,-1.0,-1.0,-1.0,-1.0,-1.0,-1.0,-1.0,-1.0,-1.0,-1.0,-1.0
