-1.0,-1.0,-1.0,-1.0,-1.0,-1.0,-1.0,-1.0,-1.0,-1.0,-1.0,-1.0,-1.0,-1.0,-1.0,-1.0,-1.0
-1.0,-1.0,-1.0,-1.0,-1.0,-1.0,-1.0,-1.0,-1.0,-1.0,-1.0,-1.0,-1.0,-1.0,-1.0,-1.0,-1.0
-1.0,-1.0,-1.0,-1.0,-1.0,23.7,14.0,3.5,172.7,162.4,-1.0,-1.0,-1.0,-1.0,-1.0,-1.0,-1.0
-1.0,-1.0,-1.0,-1.0,37.8,28.4,-1.0,-1.0,-1.0,158.6,148.0,139.4,-1.0,-1.0,-1.0,-1.0,-1.0
-1.0,-1.0,58.3,52.7,-1.0,-1.0,-1.0,-1.0,-1.0,-1.0,-1.0,131.8,-1.0,-1.0,-1.0,-1.0,-1.0
-1.0,-1.0,66.7,-1.0,-1.0,-1.0,-1.0,-1.0,-1.0,-1.0,-1.0,121.9,116.1,-1.0,-1.0,-1.0,-1.0
-1.0,-1.0,76.4,-1.0,-1.0,-1.0,-1.0,-1.0,-1.0,-1.0,-1.0,-1.0,105.4,-1.0,-1.0,-1.0,-1.0
-1.0,-1.0,86.9,-1.0,-1.0,-1.0,-1.0,-1.0,-1.0,-1.0,-1.0,-1.0,93.6,-1.0,-1.0,-1.0,-1.0
-1.0,-1.0,97.6,99.3,-1.0,-1.0,-1.0,-1.0,-1.0,-1.0,-1.0,-1.0,81.4,-1.0,-1.0,-1.0,-1.0
-1.0,-1.0,-1.0,111.6,-1.0,-1.0,-1.0,-1.0,-1.0,-1.0,-1.0,65.1,69.9,-1.0,-1.0,-1.0,-1.0
-1.0,-1.0,-1.0,122.1,129.2,-1.0,-1.0,-1.0,-1.0,-1.0,-1.0,53.6,-1.0,-1.0,-1.0,-1.0,-1.0
-1.0,-1.0,-1.0,-1.0,138.2,147.9,160.4,-1.0,-1.0,24.3,35.8,-1.0,-1.0,-1.0,-1.0,-1.0,-1.0
-1.0,-1.0,-1.0,-1.0,-1.0,-1.0,164.3,176.1,8.2,19.6,-1.0,-1.0,-1.0,-1.0,-1.0,-1.0,-1.0
-1.0,-1.0,-1.0,-1.0,-1.0,-1.0,-1.0,-1.0,-1.0,-1.0,-1.0,-1.0,-1.0,-1.0,-1.0,-1.0,-1.0
-1.0,-1.0,-1.0,-1.0,-1.0,-1.0,-1.0,-1.0,-1.0,-1.0,-1.0,-1.0,-1.0,-1.0,-1.0,-1.0,-1.0
-1.0,-1.0,-1.0,-1.0,-1.0,-1.0,-1.0,-1.0,-1.0,-1.0,-1.0,-1.0,-1.0,-1.0,-1.0,-1.0,-1.0
-1.0,-1.0,-1.0,-1.0,-1.0,-1.0,-1.0,-1.0,-1.0,-1.0,-1.0,-1.0,-1.0,-1.0,-1.0,-1.0,-1.0
