-1.0,-1.0,-1.0,-1.0,-1.0,-1.0,-1.0,-1.0,-1.0,-1.0,-1.0,-1.0,-1.0,-1.0,-1.0,-1.0,-1.0
-1.0,-1.0,-1.0,-1.0,-1.0,-1.0,-1.0,-1.0,-1.0,-1.0,-1.0,-1.0,-1.0,-1.0,-1.0,-1.0,-1.0
-1.0,-1.0,-1.0,-1.0,-1.0,-1.0,-1.0,-1.0,-1.0,-1.0,-1.0,-1.0,-1.0,-1.0,-1.0,-1.0,-1.0
-1.0,-1.0,-1.0,-1.0,-1.0,-1.0,-1.0,-1.0,-1.0,-1.0,-1.0,-1.0,-1.0,-1.0,-1.0,-1.0,-1.0
-1.0,-1.0,-1.0,-1.0,-1.0,-1.0,32.9,25.1,16.1,6.3,176.0,166.0,156.8,-1.0,-1.0,-1.0,-1.0
-1.0,-1.0,-1.0,-1.0,-1.0,45.2,38.3,-1.0,-1.0,-1.0,-1.0,-1.0,152.5,143.5,-1.0,-1.0,-1.0
-1.0,-1.0,-1.0,-1.0,57.5,52.2,-1.0,-1.0,-1.0,-1.0,-1.0,-1.0,-1.0,136.6,129.2,-1.0,-1.0
-1.0,-1.0,-1.0,-1.0,65.3,-1.0,-1.0,-1.0,-1.0,-1.0,-1.0,-1.0,-1.0,-1.0,120.5,-1.0,-1.0
-1.0,-1.0,-1.0,-1.0,74.3,-1.0,-1.0,-1.0,-1.0,-1.0,-1.0,-1.0,-1.0,-1.0,-1.0,106.4,-1.0
-1.0,-1.0,-1.0,-1.0,84.1,-1.0,-1.0,-1.0,-1.0,-1.0,-1.0,-1.0,-1.0,-1.0,-1.0,96.2,-1.0
-1.0,-1.0,-1.0,-1.0,94.3,95.2,-1.0,-1.0,-1.0,-1.0,-1.0,-1.0,-1.0,-1.0,-1.0,85.5,-1.0
-1.0,-1.0,-1.0,-1.0,-1.0,107.1,-1.0,-1.0,-1.0,-1.0,-1.0,-1.0,-1.0,-1.0,-1.0,75.2,-1.0
-1.0,-1.0,-1.0,-1.0,-1.0,117.7,123.8,-1.0,-1.0,-1.0,-1.0,-1.0,-1.0,-1.0,61.1,-1.0,-1.0
-1.0,-1.0,-1.0,-1.0,-1.0,-1.0,133.4,142.6,154.7,-1.0,-1.0,-1.0,-1.0,44.7,52.1,-1.0,-1.0
-1.0,-1.0,-1.0,-1.0,-1.0,-1.0,-1.0,-1.0,159.9,172.1,5.0,17.4,28.4,37.5,-1.0,-1.0,-1.0
-1.0,-1.0,-1.0,-1.0,-1.0,-1.0,-1.0,-1.0,-1.0,-1.0,-1.0,-1.0,-1.0,-1.0,-1.0,-1.0,-1.0
-1.0,-1.0,-1.0,-1.0,-1.0,-1.0,-1.0,-1.0,-1.0,-1.0,-1.0,-1.0,-1.0,-1.0,-1.0,-1.0,-1.0
