-1.0,-1.0,-1.0,-1.0,-1.0,-1.0,-1.0,-1.0,-1.0,-1.0,-1.0,-1.0,-1.0,-1.0,-1.0,-1.0,-1.0
-1.0,-1.0,-1.0,-1.0,-1.0,-1.0,-1.0,-1.0,-1.0,-1.0,-1.0,-1.0,-1.0,-1.0,-1.0,-1.0,-1.0
-1.0,-1.0,-1.0,-1.0,-1.0,-1.0,-1.0,-1.0,-1.0,-1.0,-1.0,-1.0,-1.0,-1.0,-1.0,-1.0,-1.0
-1.0,-1.0,-1.0,-1.0,-1.0,-1.0,-1.0,-1.0,-1.0,-1.0,-1.0,-1.0,-1.0,-1.0,-1.0,-1.0,-1.0
-1.0,-1.0,-1.0,-1.0,-1.0,-1.0,-1.0,13.4,3.3,173.0,163.2,-1.0,-1.0,-1.0,-1.0,-1.0,-1.0
-1.0,-1.0,-1.0,-1.0,-1.0,36.1,27.1,-1.0,-1.0,-1.0,159.8,149.5,-1.0,-1.0,-1.0,-1.0,-1.0
-1.0,-1.0,-1.0,-1.0,50.6,-1.0,-1.0,-1.0,-1.0,-1.0,-1.0,-1.0,134.0,-1.0,-1.0,-1.0,-1.0
-1.0,-1.0,-1.0,64.4,59.5,-1.0,-1.0,-1.0,-1.0,-1.0,-1.0,-1.0,124.7,-1.0,-1.0,-1.0,-1.0
-1.0,-1.0,-1.0,73.8,-1.0,-1.0,-1.0,-1.0,-1.0,-1.0,-1.0,-1.0,-1.0,108.3,-1.0,-1.0,-1.0
-1.0,-1.0,-1.0,84.1,-1.0,-1.0,-1.0,-1.0,-1.0,-1.0,-1.0,-1.0,-1.0,96.7,-1.0,-1.0,-1.0
-1.0,-1.0,-1.0,94.8,-1.0,-1.0,-1.0,-1.0,-1.0,-1.0,-1.0,-1.0,-1.0,84.5,-1.0,-1.0,-1.0
-1.0,-1.0,-1.0,105.3,108.6,-1.0,-1.0,-1.0,-1.0,-1.0,-1.0,-1.0,-1.0,72.8,-1.0,-1.0,-1.0
-1.0,-1.0,-1.0,-1.0,119.6,-1.0,-1.0,-1.0,-1.0,-1.0,-1.0,-1.0,-1.0,62.3,-1.0,-1.0,-1.0
-1.0,-1.0,-1.0,-1.0,-1.0,136.1,146.1,159.0,-1.0,-1.0,-1.0,-1.0,46.8,-1.0,-1.0,-1.0,-1.0
-1.0,-1.0,-1.0,-1.0,-1.0,-1.0,-1.0,163.5,175.9,8.7,20.6,31.0,-1.0,-1.0,-1.0,-1.0,-1.0
-1.0,-1.0,-1.0,-1.0,-1.0,-1.0,-1.0,-1.0,-1.0,-1.0,-1.0,-1.0,-1.0,-1.0,-1.0,-1.0,-1.0
-1.0,-1.0,-1.0,-1.0,-1.0,-1.0,-1.0,-1.0,-1.0,-1.0,-1.0,-1.0,-1.0,-1.0,-1.0,-1.0,-1.0
