-1.0,-1.0,-1.0,-1.0,-1.0,-1.0,-1.0,-1.0,-1.0,-1.0,-1.0,-1.0,-1.0,-1.0,-1.0,-1.0,-1.0
-1.0,-1.0,-1.0,-1.0,-1.0,-1.0,-1.0,-1.0,-1.0,-1.0,-1.0,-1.0,-1.0,-1.0,-1.0,-1.0,-1.0
-1.0,-1.0,-1.0,-1.0,-1.0,-1.0,-1.0,-1.0,-1.0,-1.0,-1.0,-1.0,-1.0,-1.0,-1.0,-1.0,-1.0
-1.0,-1.0,-1.0,-1.0,-1.0,-1.0,-1.0,-1.0,-1.0,-1.0,-1.0,-1.0,-1.0,-1.0,-1.0,-1.0,-1.0
-1.0,-1.0,-1.0,-1.0,-1.0,-1.0,24.0,13.8,2.7,171.4,160.7,151.2,143.2,136.5,-1.0,-1.0,-1.0
-1.0,-1.0,-1.0,-1.0,-1.0,38.8,29.0,-1.0,-1.0,-1.0,-1.0,-1.0,-1.0,130.2,125.0,-1.0,-1.0
-1.0,-1.0,-1.0,59.9,54.4,46.9,-1.0,-1.0,-1.0,-1.0,-1.0,-1.0,-1.0,-1.0,117.7,-1.0,-1.0
-1.0,-1.0,-1.0,68.8,-1.0,-1.0,-1.0,-1.0,-1.0,-1.0,-1.0,-1.0,-1.0,-1.0,109.4,-1.0,-1.0
-1.0,-1.0,-1.0,78.9,-1.0,-1.0,-1.0,-1.0,-1.0,-1.0,-1.0,-1.0,-1.0,-1.0,100.1,-1.0,-1.0
-1.0,-1.0,-1.0,89.7,-1.0,-1.0,-1.0,-1.0,-1.0,-1.0,-1.0,-1.0,-1.0,90.3,90.3,-1.0,-1.0
-1.0,-1.0,98.9,-1.0,-1.0,-1.0,-1.0,-1.0,-1.0,-1.0,-1.0,-1.0,-1.0,78.5,-1.0,-1.0,-1.0
-1.0,-1.0,-1.0,110.6,-1.0,-1.0,-1.0,-1.0,-1.0,-1.0,-1.0,-1.0,-1.0,67.5,-1.0,-1.0,-1.0
-1.0,-1.0,-1.0,119.6,125.0,-1.0,-1.0,-1.0,-1.0,-1.0,-1.0,42.9,51.7,58.1,-1.0,-1.0,-1.0
-1.0,-1.0,-1.0,-1.0,133.2,140.8,-1.0,-1.0,-1.0,-1.0,24.0,34.8,-1.0,-1.0,-1.0,-1.0,-1.0
-1.0,-1.0,-1.0,-1.0,-1.0,146.9,155.8,166.0,177.3,8.7,19.5,-1.0,-1.0,-1.0,-1.0,-1.0,-1.0
-1.0,-1.0,-1.0,-1.0,-1.0,-1.0,-1.0,-1.0,-1.0,-1.0,-1.0,-1.0,-1.0,-1.0,-1.0,-1.0,-1.0
-1.0,-1.0,-1.0,-1.0,-1.0,-1.0,-1.0,-1.0,-1.0,-1.0,-1.0,-1.0,-1.0,-1.0,-1.0,-1.0,-1.0
