-1.0,-1.0,-1.0,-1.0,-1.0,-1.0,-1.0,-1.0,-1.0,-1.0,-1.0,-1.0,-1.0,-1.0,-1.0,-1.0,-1.0
-1.0,-1.0,-1.0,-1.0,-1.0,-1.0,-1.0,-1.0,-1.0,-1.0,-1.0,-1.0,-1.0,-1.0,-1.0,-1.0,-1.0
-1.0,-1.0,-1.0,-1.0,-1.0,-1.0,6.5,178.1,169.7,-1.0,-1.0,-1.0,-1.0,-1.0,-1.0,-1.0,-1.0
-1.0,-1.0,-1.0,-1.0,25.7,17.1,-1.0,-1.0,-1.0,158.9,150.8,-1.0,-1.0,-1.0,-1.0,-1.0,-1.0
-1.0,-1.0,-1.0,38.3,30.2,-1.0,-1.0,-1.0,-1.0,-1.0,-1.0,138.5,-1.0,-1.0,-1.0,-1.0,-1.0
-1.0,-1.0,-1.0,45.0,-1.0,-1.0,-1.0,-1.0,-1.0,-1.0,-1.0,131.8,125.8,-1.0,-1.0,-1.0,-1.0
-1.0,-1.0,59.8,53.7,-1.0,-1.0,-1.0,-1.0,-1.0,-1.0,-1.0,-1.0,118.0,-1.0,-1.0,-1.0,-1.0
-1.0,-1.0,69.6,-1.0,-1.0,-1.0,-1.0,-1.0,-1.0,-1.0,-1.0,-1.0,108.8,-1.0,-1.0,-1.0,-1.0
-1.0,-1.0,80.8,-1.0,-1.0,-1.0,-1.0,-1.0,-1.0,-1.0,-1.0,-1.0,98.4,-1.0,-1.0,-1.0,-1.0
-1.0,-1.0,92.7,-1.0,-1.0,-1.0,-1.0,-1.0,-1.0,-1.0,-1.0,-1.0,87.5,-1.0,-1.0,-1.0,-1.0
-1.0,-1.0,104.4,-1.0,-1.0,-1.0,-1.0,-1.0,-1.0,-1.0,-1.0,73.8,76.8,-1.0,-1.0,-1.0,-1.0
-1.0,-1.0,115.0,120.5,-1.0,-1.0,-1.0,-1.0,-1.0,-1.0,-1.0,62.2,66.9,-1.0,-1.0,-1.0,-1.0
-1.0,-1.0,-1.0,130.5,139.3,-1.0,-1.0,-1.0,-1.0,34.6,45.0,52.6,-1.0,-1.0,-1.0,-1.0,-1.0
-1.0,-1.0,-1.0,-1.0,146.7,157.2,169.6,3.1,16.2,27.8,-1.0,-1.0,-1.0,-1.0,-1.0,-1.0,-1.0
-1.0,-1.0,-1.0,-1.0,-1.0,-1.0,-1.0,-1.0,-1.0,-1.0,-1.0,-1.0,-1.0,-1.0,-1.0,-1.0,-1.0
-1.0,-1.0,-1.0,-1.0,-1.0,-1.0,-1.0,-1.0,-1.0,-1.0,-1.0,-1.0,-1.0,-1.0,-1.0,-1.0,-1.0
-1.0,-1.0,-1.0,-1.0,-1.0,-1.0,-1.0,-1.0,-1.0,-1.0,-1.0,-1.0,-1.0,-1.0,-1.0,-1.0,-1.0
