-1.0,-1.0,-1.0,-1.0,-1.0,-1.0,-1.0,-1.0,-1.0,-1.0,-1.0,-1.0,-1.0,-1.0,-1.0,-1.0,-1.0
-1.0,-1.0,-1.0,-1.0,-1.0,-1.0,-1.0,-1.0,-1.0,-1.0,-1.0,-1.0,-1.0,-1.0,-1.0,-1.0,-1.0
-1.0,-1.0,-1.0,-1.0,-1.0,-1.0,14.3,5.9,177.2,-1.0,-1.0,-1.0,-1.0,-1.0,-1.0,-1.0,-1.0
-1.0,-1.0,-1.0,-1.0,33.4,25.6,16.7,-1.0,-1.0,166.7,157.4,149.2,-1.0,-1.0,-1.0,-1.0,-1.0
-1.0,-1.0,-1.0,45.6,38.8,-1.0,-1.0,-1.0,-1.0,-1.0,-1.0,144.0,136.7,-1.0,-1.0,-1.0,-1.0
-1.0,-1.0,57.8,52.6,-1.0,-1.0,-1.0,-1.0,-1.0,-1.0,-1.0,-1.0,129.6,-1.0,-1.0,-1.0,-1.0
-1.0,-1.0,65.6,-1.0,-1.0,-1.0,-1.0,-1.0,-1.0,-1.0,-1.0,-1.0,120.8,-1.0,-1.0,-1.0,-1.0
-1.0,-1.0,74.4,-1.0,-1.0,-1.0,-1.0,-1.0,-1.0,-1.0,-1.0,-1.0,110.1,-1.0,-1.0,-1.0,-1.0
-1.0,-1.0,84.2,-1.0,-1.0,-1.0,-1.0,-1.0,-1.0,-1.0,-1.0,-1.0,97.7,-1.0,-1.0,-1.0,-1.0
-1.0,-1.0,94.2,-1.0,-1.0,-1.0,-1.0,-1.0,-1.0,-1.0,-1.0,-1.0,84.5,-1.0,-1.0,-1.0,-1.0
-1.0,-1.0,104.0,-1.0,-1.0,-1.0,-1.0,-1.0,-1.0,-1.0,-1.0,66.9,71.8,-1.0,-1.0,-1.0,-1.0
-1.0,-1.0,113.1,117.3,-1.0,-1.0,-1.0,-1.0,-1.0,-1.0,-1.0,53.9,-1.0,-1.0,-1.0,-1.0,-1.0
-1.0,-1.0,-1.0,126.2,132.9,-1.0,-1.0,-1.0,-1.0,21.1,34.2,-1.0,-1.0,-1.0,-1.0,-1.0,-1.0
-1.0,-1.0,-1.0,-1.0,140.2,148.8,-1.0,171.3,4.2,16.7,-1.0,-1.0,-1.0,-1.0,-1.0,-1.0,-1.0
-1.0,-1.0,-1.0,-1.0,-1.0,153.7,162.8,172.9,-1.0,-1.0,-1.0,-1.0,-1.0,-1.0,-1.0,-1.0,-1.0
-1.0,-1.0,-1.0,-1.0,-1.0,-1.0,-1.0,-1.0,-1.0,-1.0,-1.0,-1.0,-1.0,-1.0,-1.0,-1.0,-1.0
-1.0,-1.0,-1.0,-1.0,-1.0,-1.0,-1.0,-1.0,-1.0,-1.0,-1.0,-1.0,-1.0,-1.0,-1.0,-1.0,-1.0
