-1.0,-1.0,-1.0,-1.0,-1.0,-1.0,-1.0,-1.0,-1.0,-1.0,-1.0,-1.0,-1.0,-1.0,-1.0,-1.0,-1.0
-1.0,-1.0,-1.0,-1.0,-1.0,-1.0,-1.0,-1.0,-1.0,-1.0,-1.0,-1.0,-1.0,-1.0,-1.0,-1.0,-1.0
-1.0,-1.0,-1.0,-1.0,-1.0,23.6,13.5,2.4,171.2,160.6,151.2,143.2,-1.0,-1.0,-1.0,-1.0,-1.0
-1.0,-1.0,-1.0,46.0,38.3,-1.0,-1.0,-1.0,-1.0,-1.0,-1.0,137.0,130.3,-1.0,-1.0,-1.0,-1.0
-1.0,-1.0,59.6,54.0,-1.0,-1.0,-1.0,-1.0,-1.0,-1.0,-1.0,-1.0,122.6,-1.0,-1.0,-1.0,-1.0
-1.0,-1.0,68.4,-1.0,-1.0,-1.0,-1.0,-1.0,-1.0,-1.0,-1.0,-1.0,113.3,109.6,-1.0,-1.0,-1.0
-1.0,-1.0,78.5,-1.0,-1.0,-1.0,-1.0,-1.0,-1.0,-1.0,-1.0,-1.0,102.5,100.4,-1.0,-1.0,-1.0
-1.0,-1.0,89.3,-1.0,-1.0,-1.0,-1.0,-1.0,-1.0,-1.0,-1.0,-1.0,90.8,90.6,-1.0,-1.0,-1.0
-1.0,-1.0,100.2,-1.0,-1.0,-1.0,-1.0,-1.0,-1.0,-1.0,-1.0,-1.0,78.9,80.8,-1.0,-1.0,-1.0
-1.0,-1.0,110.4,-1.0,-1.0,-1.0,-1.0,-1.0,-1.0,-1.0,-1.0,-1.0,68.0,-1.0,-1.0,-1.0,-1.0
-1.0,-1.0,119.4,124.9,-1.0,-1.0,-1.0,-1.0,-1.0,-1.0,-1.0,-1.0,58.5,-1.0,-1.0,-1.0,-1.0
-1.0,-1.0,-1.0,133.0,140.7,150.6,-1.0,-1.0,-1.0,-1.0,-1.0,43.9,-1.0,-1.0,-1.0,-1.0,-1.0
-1.0,-1.0,-1.0,-1.0,-1.0,155.8,166.2,177.5,9.0,19.9,29.4,37.5,-1.0,-1.0,-1.0,-1.0,-1.0
-1.0,-1.0,-1.0,-1.0,-1.0,-1.0,-1.0,-1.0,-1.0,-1.0,-1.0,-1.0,-1.0,-1.0,-1.0,-1.0,-1.0
-1.0,-1.0,-1.0,-1.0,-1.0,-1.0,-1.0,-1.0,-1.0,-1.0,-1.0,-1.0,-1.0,-1.0,-1.0,-1.0,-1.0
-1.0,-1.0,-1.0,-1.0,-1.0,-1.0,-1.0,-1.0,-1.0,-1.0,-1.0,-1.0,-1.0,-1.0,-1.0,-1.0,-1.0
-1.0,-1.0,-1.0,-1.0,-1.0,-1.0,-1.0,-1.0,-1.0,-1.0,-1.0,-1.0,-1.0,-1.0,-1.0,-1.0,-1.0
