-1.0,-1.0,-1.0,-1.0,-1.0,-1.0,-1.0,-1.0,-1.0,-1.0,-1.0,-1.0,-1.0,-1.0,-1.0,-1.0,-1.0
-1.0,-1.0,-1.0,-1.0,-1.0,-1.0,-1.0,-1.0,-1.0,174.0,165.1,-1.0,-1.0,-1.0,-1.0,-1.0,-1.0
-1.0,-1.0,-1.0,-1.0,-1.0,-1.0,24.2,14.5,3.8,172.9,162.4,153.1,145.0,-1.0,-1.0,-1.0,-1.0
-1.0,-1.0,-1.0,-1.0,-1.0,38.5,29.1,17.7,-1.0,-1.0,-1.0,-1.0,139.1,132.2,-1.0,-1.0,-1.0
-1.0,-1.0,-1.0,-1.0,53.5,46.2,-1.0,-1.0,-1.0,-1.0,-1.0,-1.0,131.4,124.7,-1.0,-1.0,-1.0
-1.0,-1.0,-1.0,-1.0,63.0,-1.0,-1.0,-1.0,-1.0,-1.0,-1.0,-1.0,121.3,115.5,-1.0,-1.0,-1.0
-1.0,-1.0,-1.0,77.2,74.4,-1.0,-1.0,-1.0,-1.0,-1.0,-1.0,-1.0,108.4,104.6,-1.0,-1.0,-1.0
-1.0,-1.0,-1.0,87.7,87.2,-1.0,-1.0,-1.0,-1.0,-1.0,-1.0,-1.0,93.4,92.7,-1.0,-1.0,-1.0
-1.0,-1.0,-1.0,98.3,100.2,-1.0,-1.0,-1.0,-1.0,-1.0,-1.0,-1.0,77.9,80.4,-1.0,-1.0,-1.0
-1.0,-1.0,-1.0,108.4,112.3,-1.0,-1.0,-1.0,-1.0,-1.0,-1.0,-1.0,64.0,69.0,-1.0,-1.0,-1.0
-1.0,-1.0,-1.0,117.5,122.6,-1.0,-1.0,-1.0,-1.0,-1.0,-1.0,43.6,52.7,-1.0,-1.0,-1.0,-1.0
-1.0,-1.0,-1.0,125.3,131.0,138.5,-1.0,-1.0,-1.0,-1.0,23.6,35.0,-1.0,-1.0,-1.0,-1.0,-1.0
-1.0,-1.0,-1.0,-1.0,137.7,145.0,153.9,-1.0,-1.0,7.7,19.0,29.0,-1.0,-1.0,-1.0,-1.0,-1.0
-1.0,-1.0,-1.0,-1.0,-1.0,149.9,157.9,166.9,176.5,6.4,-1.0,-1.0,-1.0,-1.0,-1.0,-1.0,-1.0
-1.0,-1.0,-1.0,-1.0,-1.0,-1.0,-1.0,-1.0,-1.0,-1.0,-1.0,-1.0,-1.0,-1.0,-1.0,-1.0,-1.0
-1.0,-1.0,-1.0,-1.0,-1.0,-1.0,-1.0,-1.0,-1.0,-1.0,-1.0,-1.0,-1.0,-1.0,-1.0,-1.0,-1.0
-1.0,-1.0,-1.0,-1.0,-1.0,-1.0,-1.0,-1.0,-1.0,-1.0,-1.0,-1.0,-1.0,-1.0,-1.0,-1.0,-1.0
