-1.0,-1.0,-1.0,-1.0,-1.0,-1.0,-1.0,-1.0,-1.0,-1.0,-1.0,-1.0,-1.0,-1.0,-1.0,-1.0,-1.0
-1.0,-1.0,-1.0,-1.0,-1.0,-1.0,-1.0,-1.0,-1.0,-1.0,-1.0,-1.0,-1.0,-1.0,-1.0,-1.0,-1.0
-1.0,-1.0,-1.0,-1.0,-1.0,-1.0,-1.0,-1.0,-1.0,-1.0,-1.0,-1.0,-1.0,-1.0,-1.0,-1.0,-1.0
-1.0,-1.0,-1.0,-1.0,-1.0,-1.0,31.8,14.8,174.8,156.0,141.3,130.9,123.5,-1.0,-1.0,-1.0,-1.0
-1.0,-1.0,-1.0,-1.0,64.1,56.5,43.8,-1.0,-1.0,-1.0,-1.0,-1.0,113.1,-1.0,-1.0,-1.0,-1.0
-1.0,-1.0,-1.0,80.2,77.7,-1.0,-1.0,-1.0,-1.0,-1.0,-1.0,-1.0,100.9,-1.0,-1.0,-1.0,-1.0
-1.0,-1.0,-1.0,92.2,-1.0,-1.0,-1.0,-1.0,-1.0,-1.0,-1.0,-1.0,87.5,-1.0,-1.0,-1.0,-1.0
-1.0,-1.0,-1.0,104.0,-1.0,-1.0,-1.0,-1.0,-1.0,-1.0,-1.0,70.0,74.5,-1.0,-1.0,-1.0,-1.0
-1.0,-1.0,-1.0,114.7,-1.0,-1.0,-1.0,-1.0,-1.0,29.9,45.9,56.2,-1.0,-1.0,-1.0,-1.0,-1.0
-1.0,-1.0,-1.0,123.9,130.4,139.2,151.3,166.8,4.6,21.5,-1.0,-1.0,-1.0,-1.0,-1.0,-1.0,-1.0
-1.0,-1.0,-1.0,-1.0,-1.0,-1.0,-1.0,-1.0,-1.0,-1.0,-1.0,-1.0,-1.0,-1.0,-1.0,-1.0,-1.0
-1.0,-1.0,-1.0,-1.0,-1.0,-1.0,-1.0,-1.0,-1.0,-1.0,-1.0,-1.0,-1.0,-1.0,-1.0,-1.0,-1.0
-1.0,-1.0,-1.0,-1.0,-1.0,-1.0,-1.0,-1.0,-1.0,-1.0,-1.0,-1.0,-1.0,-1.0,-1.0,-1.0,-1.0
-1.0,-1.0,-1.0,-1.0,-1.0,-1.0,-1.0,-1.0,-1.0,-1.0,-1.0,-1.0,-1.0,-1.0,-1.0,-1.0,-1.0
-1.0,-1.0,-1.0,-1.0,-1.0,-1.0,-1.0,-1.0,-1.0,-1.0,-1.0,-1.0,-1.0,-1.0,-1.0,-1.0,-1.0
-1.0,-1.0,-1.0,-1.0,-1.0,-1.0,-1.0,-1.0,-1.0,-1.0,-1.0,-1.0,-1.0,-1.0,-1.0,-1.0,-1.0
-1.0,-1.0,-1.0,-1.0,-1.0,-1.0,-1.0,-1.0,-1.0,-1.0,-1.0,-1.0,-1.0,-1.0,-1.0,-1.0,-1.0
