-1.0,-1.0,-1.0,-1.0,-1.0,-1.0,-1.0,-1.0,-1.0,-1.0,-1.0,-1.0,-1.0,-1.0,-1.0,-1.0,-1.0
-1.0,-1.0,-1.0,-1.0,-1.0,-1.0,-1.0,-1.0,-1.0,-1.0,-1.0,-1.0,-1.0,-1.0,-1.0,-1.0,-1.0
-1.0,-1.0,-1.0,-1.0,-1.0,-1.0,-1.0,-1.0,-1.0,-1.0,-1.0,166.8,159.3,-1.0,-1.0,-1.0,-1.0
-1.0,-1.0,-1.0,-1.0,-1.0,-1.0,-1.0,-1.0,-1.0,-1.0,174.0,164.7,156.1,148.5,-1.0,-1.0,-1.0
-1.0,-1.0,-1.0,-1.0,-1.0,-1.0,-1.0,-1.0,15.7,4.5,-1.0,-1.0,151.9,-1.0,136.8,-1.0,-1.0
-1.0,-1.0,-1.0,-1.0,-1.0,-1.0,-1.0,31.4,19.5,-1.0,-1.0,-1.0,-1.0,-1.0,130.3,124.8,-1.0
-1.0,-1.0,-1.0,-1.0,-1.0,-1.0,49.3,39.3,-1.0,-1.0,-1.0,-1.0,-1.0,-1.0,-1.0,117.4,-1.0
-1.0,-1.0,-1.0,-1.0,-1.0,-1.0,60.6,-1.0,-1.0,-1.0,-1.0,-1.0,-1.0,-1.0,112.5,108.8,-1.0
-1.0,-1.0,-1.0,-1.0,-1.0,78.3,74.9,-1.0,-1.0,-1.0,-1.0,-1.0,-1.0,-1.0,101.2,-1.0,-1.0
-1.0,-1.0,-1.0,-1.0,-1.0,91.2,-1.0,-1.0,-1.0,-1.0,-1.0,-1.0,-1.0,88.6,88.9,-1.0,-1.0
-1.0,-1.0,-1.0,-1.0,-1.0,104.0,-1.0,-1.0,-1.0,-1.0,-1.0,-1.0,-1.0,73.2,-1.0,-1.0,-1.0
-1.0,-1.0,-1.0,-1.0,-1.0,115.5,-1.0,-1.0,-1.0,-1.0,-1.0,-1.0,51.4,60.0,-1.0,-1.0,-1.0
-1.0,-1.0,-1.0,-1.0,-1.0,125.2,-1.0,-1.0,-1.0,-1.0,11.3,27.6,40.3,-1.0,-1.0,-1.0,-1.0
-1.0,-1.0,-1.0,-1.0,-1.0,133.0,140.4,149.8,161.3,174.6,8.6,-1.0,-1.0,-1.0,-1.0,-1.0,-1.0
-1.0,-1.0,-1.0,-1.0,-1.0,-1.0,-1.0,-1.0,-1.0,-1.0,-1.0,-1.0,-1.0,-1.0,-1.0,-1.0,-1.0
-1.0,-1.0,-1.0,-1.0,-1.0,-1.0,-1.0,-1.0,-1.0,-1.0,-1.0,-1.0,-1.0,-1.0,-1.0,-1.0,-1.0
-1.0,-1.0,-1.0,-1.0,-1.0,-1.0,-1.0,-1.0,-1.0,-1.0,-1.0,-1.0,-1.0,-1.0,-1.0,-1.0,-1.0
