-1.0,-1.0,-1.0,-1.0,-1.0,-1.0,-1.0,-1.0,-1.0,-1.0,-1.0,-1.0,-1.0,-1.0,-1.0,-1.0,-1.0
-1.0,-1.0,-1.0,-1.0,-1.0,-1.0,-1.0,-1.0,-1.0,-1.0,-1.0,-1.0,-1.0,-1.0,-1.0,-1.0,-1.0
-1.0,-1.0,-1.0,-1.0,-1.0,-1.0,-1.0,-1.0,-1.0,-1.0,-1.0,-1.0,-1.0,-1.0,-1.0,-1.0,-1.0
-1.0,-1.0,-1.0,-1.0,-1.0,21.6,14.1,5.9,177.5,-1.0,-1.0,-1.0,-1.0,-1.0,-1.0,-1.0,-1.0
-1.0,-1.0,-1.0,-1.0,32.5,24.9,16.3,6.9,177.1,167.5,-1.0,-1.0,-1.0,-1.0,-1.0,-1.0,-1.0
-1.0,-1.0,-1.0,44.3,37.6,-1.0,-1.0,-1.0,176.5,165.0,-1.0,-1.0,-1.0,-1.0,-1.0,-1.0,-1.0
-1.0,-1.0,-1.0,50.9,-1.0,-1.0,-1.0,-1.0,-1.0,161.3,149.0,-1.0,-1.0,-1.0,-1.0,-1.0,-1.0
-1.0,-1.0,-1.0,59.1,-1.0,-1.0,-1.0,-1.0,-1.0,-1.0,140.9,-1.0,-1.0,-1.0,-1.0,-1.0,-1.0
-1.0,-1.0,-1.0,68.9,-1.0,-1.0,-1.0,-1.0,-1.0,-1.0,128.5,118.9,-1.0,-1.0,-1.0,-1.0,-1.0
-1.0,-1.0,-1.0,80.1,-1.0,-1.0,-1.0,-1.0,-1.0,-1.0,-1.0,104.0,-1.0,-1.0,-1.0,-1.0,-1.0
-1.0,-1.0,-1.0,92.2,92.8,-1.0,-1.0,-1.0,-1.0,-1.0,-1.0,86.9,87.6,-1.0,-1.0,-1.0,-1.0
-1.0,-1.0,-1.0,-1.0,107.6,-1.0,-1.0,-1.0,-1.0,-1.0,-1.0,-1.0,74.6,-1.0,-1.0,-1.0,-1.0
-1.0,-1.0,-1.0,-1.0,120.4,128.8,-1.0,-1.0,-1.0,-1.0,-1.0,-1.0,63.1,-1.0,-1.0,-1.0,-1.0
-1.0,-1.0,-1.0,-1.0,-1.0,139.6,-1.0,-1.0,-1.0,-1.0,-1.0,46.0,53.5,-1.0,-1.0,-1.0,-1.0
-1.0,-1.0,-1.0,-1.0,-1.0,147.1,157.8,-1.0,-1.0,-1.0,28.7,38.2,-1.0,-1.0,-1.0,-1.0,-1.0
-1.0,-1.0,-1.0,-1.0,-1.0,-1.0,161.8,172.2,3.2,14.0,23.9,-1.0,-1.0,-1.0,-1.0,-1.0,-1.0
-1.0,-1.0,-1.0,-1.0,-1.0,-1.0,-1.0,-1.0,-1.0,-1.0,-1.0,-1.0,-1.0,-1.0,-1.0,-1.0,-1.0
