-1.0,-1.0,-1.0,-1.0,-1.0,-1.0,-1.0,-1.0,-1.0,-1.0,-1.0,-1.0,-1.0,-1.0,-1.0,-1.0,-1.0
-1.0,-1.0,-1.0,-1.0,-1.0,-1.0,-1.0,-1.0,-1.0,-1.0,-1.0,-1.0,-1.0,-1.0,-1.0,-1.0,-1.0
-1.0,-1.0,-1.0,-1.0,-1.0,-1.0,-1.0,-1.0,-1.0,-1.0,-1.0,-1.0,-1.0,-1.0,-1.0,-1.0,-1.0
-1.0,-1.0,-1.0,-1.0,-1.0,-1.0,-1.0,-1.0,-1.0,-1.0,-1.0,-1.0,-1.0,-1.0,-1.0,-1.0,-1.0
-1.0,-1.0,-1.0,49.8,40.9,-1.0,-1.0,-1.0,-1.0,-1.0,133.8,-1.0,-1.0,-1.0,-1.0,-1.0,-1.0
-1.0,-1.0,65.6,60.1,-1.0,-1.0,-1.0,-1.0,-1.0,-1.0,123.2,-1.0,-1.0,-1.0,-1.0,-1.0,-1.0
-1.0,-1.0,76.4,72.9,-1.0,-1.0,-1.0,-1.0,-1.0,-1.0,109.2,105.0,-1.0,-1.0,-1.0,-1.0,-1.0
-1.0,-1.0,88.3,87.8,-1.0,-1.0,-1.0,-1.0,-1.0,-1.0,92.5,91.9,-1.0,-1.0,-1.0,-1.0,-1.0
-1.0,-1.0,100.3,103.0,-1.0,-1.0,-1.0,-1.0,-1.0,-1.0,75.3,78.7,-1.0,-1.0,-1.0,-1.0,-1.0
-1.0,-1.0,-1.0,116.5,124.3,-1.0,-1.0,-1.0,-1.0,-1.0,60.5,-1.0,-1.0,-1.0,-1.0,-1.0,-1.0
-1.0,-1.0,-1.0,-1.0,136.4,148.9,165.8,5.5,24.1,38.5,-1.0,-1.0,-1.0,-1.0,-1.0,-1.0,-1.0
-1.0,-1.0,-1.0,-1.0,-1.0,-1.0,-1.0,-1.0,-1.0,-1.0,-1.0,-1.0,-1.0,-1.0,-1.0,-1.0,-1.0
-1.0,-1.0,-1.0,-1.0,-1.0,-1.0,-1.0,-1.0,-1.0,-1.0,-1.0,-1.0,-1.0,-1.0,-1.0,-1.0,-1.0
-1.0,-1.0,-1.0,-1.0,-1.0,-1.0,-1.0,-1.0,-1.0,-1.0,-1.0,-1.0,-1.0,-1.0,-1.0,-1.0,-1.0
-1.0,-1.0,-1.0,-1.0,-1.0,-1.0,-1.0,-1.0,-1.0,-1.0,-1.0,-1.0,-1.0,-1.0,-1.0,-1.0,-1.0
-1.0,-1.0,-1.0,-1.0,-1.0,-1.0,-1.0,-1.0,-1.0,-1.0,-1.0,-1.0,-1.0,-1.0,-1.0,-1.0,-1.0
-1.0,-1.0,-1.0,-1.0,-1.0,-1.0,-1.0,-1.0,-1.0,-1.0,-1.0,-1.0,-1.0,-1.0,-1.0,-1.0,-1.0
